1807653203
5380685424
5509031238
976221572
1331865745
1898201024
1504555209
1618330312
5509031238
1098926132
5509031238
1180972129
1715505656
5586518778
5147973765
5851533026
5833173055820036553
5453779019
5363839321
622318726
6159450397
1851506802
16661998241311171682
1807653203
6159450397
837746710
590904026
5041618201
1807653203
751148926
6097078067
1632056728
1898201024
5930443202
1807653203
1632056728
1632056728
1807653203
904778447
1401021981
368135916
5462638991
1097547023
842861248
1687039291
1632056728
1807653203